print(am_c1) #n=8
[[0.         0.53572589 0.05335407 0.64859754 0.1646031  0.06394002
  0.0664212  0.02903957 0.14208762 0.21949263 0.17013992 0.24223803
  0.4929089 ]
 [0.41917458 0.         0.4135859  0.02684071 0.62016803 0.49245274
  0.35808155 0.44163567 0.01790766 0.02597357 0.03493055 0.11733043
  0.12616424]
 [0.2108731  0.29474032 0.         0.08114474 0.40789098 0.07873946
  0.23567411 0.25635931 0.28336599 0.01241595 0.0469146  0.35678124
  0.05811333]
 [0.2502926  0.06933226 0.2709673  0.         0.69725418 0.21248594
  0.42910841 0.05383809 0.38010985 0.02146123 0.3660312  0.29182088
  0.28631657]
 [0.03019821 0.05640607 0.33116081 0.24463619 0.         0.04723541
  0.04481355 0.0199895  0.37901703 0.03661587 0.16861607 0.00951413
  0.02000964]
 [0.05571212 0.01943767 0.00299327 0.41240349 0.0425753  0.
  0.27282888 0.31086731 0.13633017 0.27255249 0.14812794 0.14747587
  0.02010779]
 [0.00727694 0.24800259 0.48277533 0.24269325 0.00430038 0.41629934
  0.         0.2100077  0.39527738 0.19941615 0.67679912 0.40967152
  0.35385552]
 [0.11528185 0.26338795 0.51751399 0.45137751 0.69995177 0.40235522
  0.14217374 0.         0.45160761 0.27746642 0.31562889 0.56068695
  0.00602453]
 [0.04493234 0.0090657  0.48279271 0.0744076  0.48293942 0.02658782
  0.25211078 0.03587122 0.         0.0011695  0.28589973 0.52063942
  0.00589544]
 [0.59579992 0.5175705  0.69425237 0.43075642 0.4208453  0.50994194
  0.31187055 0.35596147 0.56637907 0.         0.81770545 0.27548873
  0.71415728]
 [0.01128963 0.12798768 0.05745237 0.02783065 0.65532827 0.22381069
  0.019074   0.0339701  0.22922002 0.08058316 0.         0.47849005
  0.35549927]
 [0.02534519 0.19613804 0.01077933 0.07932257 0.36248076 0.03686879
  0.26560828 0.11108106 0.24770953 0.00874718 0.04691017 0.
  0.04584923]
 [0.21293445 0.28822052 0.15818155 0.30983949 0.61386812 0.04985241
  0.1377932  0.01211757 0.01331079 0.19991249 0.62721843 0.79341823
  0.        ]]


am_c2 #nruns=8
matrix([[0.00000000e+00, 5.67280829e-01, 5.69589585e-02, 6.03446126e-01,
         4.21185732e-01, 1.90583974e-01, 4.20127213e-01, 2.82628447e-01,
         1.87864453e-02, 4.73343760e-01, 1.67844355e-01, 2.18597472e-01,
         2.08875656e-01],
        [4.52252895e-01, 0.00000000e+00, 1.10068798e-01, 7.09745213e-02,
         4.50788081e-01, 1.75272793e-01, 4.07289207e-01, 2.83368826e-01,
         7.84539133e-02, 3.09931133e-02, 5.37753338e-03, 1.34188265e-01,
         6.51478861e-03],
        [4.30068761e-01, 4.04382527e-01, 0.00000000e+00, 3.44138801e-01,
         2.51688421e-01, 6.41349144e-03, 3.46087873e-01, 2.74668694e-01,
         2.77124286e-01, 4.16406304e-01, 3.73530090e-01, 4.07745615e-02,
         4.63900566e-02],
        [2.78249592e-01, 7.03802779e-02, 3.30871701e-01, 0.00000000e+00,
         3.50223899e-01, 2.72080272e-01, 6.84894547e-02, 2.97875553e-01,
         1.46339566e-01, 3.34776610e-01, 7.69413263e-02, 7.77427852e-02,
         2.98648745e-01],
        [8.82107094e-02, 2.52600670e-01, 3.37526292e-01, 3.35893571e-01,
         0.00000000e+00, 9.99584869e-02, 9.21409279e-02, 2.57699072e-01,
         3.25214386e-01, 2.29866117e-01, 1.91071704e-01, 2.70560533e-01,
         2.55356818e-01],
        [1.20217599e-01, 1.22037694e-01, 1.89310431e-01, 2.38244355e-01,
         2.62452602e-01, 0.00000000e+00, 2.20457107e-01, 3.53616357e-01,
         5.52272759e-02, 1.80438206e-01, 1.70865700e-01, 2.20237225e-01,
         1.37590736e-01],
        [2.28962481e-01, 2.51171499e-01, 3.07534575e-01, 4.90986230e-03,
         1.47887722e-01, 4.59838390e-01, 0.00000000e+00, 3.31608504e-01,
         2.40895033e-01, 3.60463887e-01, 1.44167580e-02, 4.84565906e-02,
         3.34214389e-01],
        [2.03978106e-01, 9.57182944e-02, 2.63391584e-01, 2.87460744e-01,
         2.09567547e-01, 2.63210654e-01, 3.68136346e-01, 0.00000000e+00,
         3.77075166e-01, 3.18967432e-01, 3.52696419e-01, 3.21454316e-01,
         1.22552931e-01],
        [1.25676319e-01, 2.21121311e-01, 2.62169033e-01, 2.95640707e-01,
         1.55642748e-01, 1.63774952e-01, 2.72998720e-01, 3.81314486e-01,
         0.00000000e+00, 1.83945075e-01, 3.71091962e-01, 3.40895981e-01,
         1.37240976e-01],
        [2.56460369e-01, 1.75862402e-01, 2.73881823e-01, 3.82538736e-01,
         2.34623700e-01, 4.96926218e-01, 3.41178000e-01, 1.98819131e-01,
         1.68025061e-01, 0.00000000e+00, 2.74606943e-01, 2.47836694e-01,
         2.93741882e-01],
        [2.83273846e-01, 4.30262983e-01, 2.97192901e-01, 4.05055881e-02,
         3.66419345e-01, 2.25107059e-01, 1.87916793e-02, 1.39780909e-01,
         1.20902404e-01, 2.31445432e-01, 0.00000000e+00, 4.87989008e-01,
         2.61638880e-01],
        [3.79407704e-01, 1.67926550e-01, 6.84791885e-04, 1.83981583e-02,
         6.95221275e-02, 1.05893202e-01, 3.15607965e-01, 3.23055118e-01,
         1.44150689e-01, 2.76576608e-01, 7.11494684e-02, 0.00000000e+00,
         3.49300265e-01],
        [4.59717929e-01, 3.13972324e-01, 2.26931293e-02, 2.29475632e-01,
         2.43156716e-01, 4.07006145e-01, 1.83861077e-01, 5.21358289e-03,
         1.17142305e-01, 3.00223768e-01, 7.02813983e-01, 2.86403745e-01,
         0.00000000e+00]])


am_c3 #nruns = 4
[[0.         0.62242502 0.01086915 0.48881626 0.08728658 0.18807316
  0.1837402  0.27457875 0.05146609 0.3051495  0.09289075 0.25219476
  0.30138031]
 [0.27425367 0.         0.12729716 0.04170165 0.32338452 0.14807913
  0.22431979 0.09348826 0.19816661 0.34680367 0.0145578  0.13091022
  0.00828812]
 [0.23290735 0.17836285 0.         0.1418485  0.44750369 0.04536423
  0.24315539 0.25662911 0.21143004 0.38437849 0.25504217 0.09150699
  0.08735224]
 [0.12200748 0.27542609 0.17992225 0.         0.16444694 0.18228889
  0.24627787 0.15830293 0.11064446 0.33738536 0.18973663 0.09783719
  0.1710071 ]
 [0.23154175 0.22035381 0.12548146 0.14895819 0.         0.16262633
  0.0213691  0.14687824 0.29434687 0.23472853 0.18713352 0.11201583
  0.24265777]
 [0.1347774  0.22423872 0.23080418 0.27760902 0.14432329 0.
  0.23275127 0.19356984 0.09323645 0.25952828 0.15892655 0.16564041
  0.16191679]
 [0.19796553 0.21899858 0.2534714  0.20912114 0.23665072 0.15316072
  0.         0.19819067 0.12535857 0.13923194 0.22766039 0.19507737
  0.20315182]
 [0.15409437 0.24705505 0.17315561 0.19547912 0.2796362  0.21655315
  0.18804818 0.         0.19301251 0.28572261 0.17043638 0.07148616
  0.04162927]
 [0.22398636 0.23418927 0.1820395  0.15837654 0.12997983 0.2392886
  0.31140131 0.14959589 0.         0.24990515 0.17591107 0.08937255
  0.22121355]
 [0.25518152 0.16682369 0.23544443 0.19559218 0.24381725 0.18807727
  0.20657544 0.17860623 0.21536878 0.         0.21583891 0.10836795
  0.20632343]
 [0.13312906 0.34874979 0.22645973 0.18576628 0.16245633 0.22676072
  0.22024512 0.22562999 0.17587478 0.193112   0.         0.08757588
  0.2277588 ]
 [0.00859194 0.00319948 0.19190507 0.12261294 0.4232803  0.01154647
  0.15946954 0.34697124 0.11940156 0.15766069 0.66262066 0.
  0.54087651]
 [0.24229504 0.24696976 0.12445317 0.28117004 0.28620762 0.26562291
  0.0015321  0.28904146 0.17326215 0.26213068 0.22819799 0.11336963
  0.        ]]


print(am_c3) #n=8
[[0.         0.69651157 0.00230981 0.56628484 0.03654377 0.18373005
  0.28606787 0.25314939 0.19827361 0.25104621 0.03625916 0.18352221
  0.25685078]
 [0.35400116 0.         0.27241254 0.04451363 0.35130581 0.17071031
  0.37611261 0.07116804 0.24425982 0.2178411  0.13766149 0.18782789
  0.01093636]
 [0.20344746 0.29544234 0.         0.24517961 0.41797861 0.14901282
  0.37564442 0.22839504 0.23117478 0.27518484 0.29732183 0.10518319
  0.11141044]
 [0.10672358 0.32905754 0.32349038 0.         0.24496941 0.25762975
  0.33917621 0.25607878 0.16700618 0.240079   0.18478167 0.25858712
  0.23638761]
 [0.20822543 0.35404027 0.24025713 0.21506085 0.         0.19136532
  0.0577257  0.15045844 0.24120879 0.2858021  0.31398344 0.1511081
  0.21343093]
 [0.17064649 0.30251417 0.31873712 0.29683903 0.33766007 0.
  0.32322064 0.28476778 0.27004677 0.17807084 0.28045461 0.18474366
  0.22606893]
 [0.2786938  0.35407421 0.26033264 0.11560593 0.34507716 0.39715675
  0.         0.30738783 0.20299292 0.28297782 0.26137576 0.21264
  0.22837527]
 [0.12666459 0.21708341 0.12825619 0.24336965 0.16276704 0.15364245
  0.19423705 0.         0.27756006 0.24031539 0.21696194 0.18880804
  0.1242389 ]
 [0.18872976 0.3374157  0.29026446 0.23129857 0.27444941 0.28273487
  0.17856097 0.19329225 0.         0.1629948  0.18568875 0.14920066
  0.1948595 ]
 [0.36183396 0.32988086 0.41504636 0.27355909 0.32146454 0.27058026
  0.16684754 0.24986432 0.32090378 0.         0.17903382 0.27539912
  0.14286028]
 [0.23180018 0.25272584 0.30182064 0.1665144  0.23031336 0.18260039
  0.29469928 0.23847781 0.27712533 0.33753765 0.         0.14958121
  0.14528272]
 [0.01409051 0.07275757 0.04134092 0.11378378 0.38940191 0.01980452
  0.19033723 0.39154622 0.19870327 0.14504267 0.68642122 0.
  0.51276016]
 [0.2791838  0.29049575 0.3487958  0.32422042 0.38092336 0.43832532
  0.01509698 0.22612126 0.27116248 0.5530777  0.26716584 0.34468603
  0.        ]]